P23
4
 0  0  1   0.0
-1 -1  0  -1.0
 1  0 -1   0.0
 0  1 -1   0.0
XyZ  1 0 0  1
XYz  1 1 0  1
yzx  0 0 0  1
zxy  0 0 0  1
20
XyZ  1 0 0  1
xYZ  0 1 0  1
XYz  1 1 0  1
yzx  0 0 0  1
zxy  0 0 0  1
XYz  1 0 0  1
XYz  0 1 0  1
XYz  0 0 0  1
XYz  2 0 0  1
XYz  0 2 0  1
YzX  1 0 0  1
ZxY  1 0 0  1
yZX  0 1 0  1
zXY  0 1 0  1
YZx  1 1 0  1
ZXy  1 1 0  1
xYZ  0 0 0  1
XyZ  0 0 0  1
xYZ  0 2 0  1
XyZ  2 0 0  1
10
j  12  3  0 0 0  1   1 0 0  0 1 0  0 0 1
i   6  1  0 1 1  2   1 0 0
h   6  1  0 1 0  2   1 0 0
g   6  1  0 0 1  2   1 0 0
f   6  1  0 0 0  1   0 1 0
e   4  1  0 0 0  1   1 1 1
d   3  0  0 1 0  2
c   3  0  1 1 0  2
b   1  0  1 1 1  2
a   1  0  0 0 0  1
F23
5
 1 -1  0   0.0
-1  0  1  -0.5
 0  1  1   0.0
-1  0 -1  -0.5
 0  1 -1   0.0
XYz  1 1 0  2
YZx  1 0 -1  2
zXY  1 1 0  2
YzX  1 0 1  2
ZXy  1 1 0  2
16
XYz  1 1 0  2
zXY  1 1 0  2
YZx  1 0 -1  2
ZXy  1 1 0  2
YzX  1 0 1  2
XYz  0 0 0  1
XYz  1 1 0  1
XYz  1 0 0  1
xYZ  0 0 0  1
XyZ  1 0 0  1
yzx  0 0 0  1
yZX  0 0 0  1
ZxY  1 0 1  2
zxy  1 0 -1  2
yZX  0 1 1  2
zxy  0 0 0  1
8
h  48  3  0 0 0  1   1 0 0  0 1 0  0 0 1
g  24  1  1 1 0  4   0 0 1
f  24  1  0 0 0  1   0 1 0
e  16  1  0 0 0  1   1 1 1
d   4  0  3 3 3  4
c   4  0  1 1 1  4
b   4  0  1 1 1  2
a   4  0  0 0 0  1
I23
4
 0  0  1   0.0
 1 -1  0   0.0
-1 -1  0  -1.0
 0  1 -1   0.0
XyZ  1 0 0  1
zXY  1 1 1  2
ZxY  1 -1 1 2
YZx  1 1 -1 2
17
XyZ  1 0 0  1
zXY  1 1 1  2
ZxY  1 -1 1 2
YZx  1 1 -1 2
yZX  1 1 1  2
XYz  1 1 0  1
xYZ  0 1 0  1
YzX  1 1 1  2
yzx  1 1 -1 2
zxy  0 0 0  1
yzx  0 0 0  1
ZXy  1 1 0  1
YzX  1 0 1  1
xYZ  0 0 0  1
XYz  1 0 0  1
zxy  1 -1 -1 2
ZXy  1 1 -1 2
6
f  24  3  0 0 0  1   1 0 0  0 1 0  0 0 1
e  12  1  0 1 0  2   1 0 0
d  12  1  0 0 0  1   0 1 0
c   8  1  0 0 0  1   1 1 1
b   6  0  0 1 1  2
a   2  0  0 0 0  1
Pm3
5
 0  0  1   0.0
-1  0  0  -0.5
 0 -1  0  -0.5
 1  0 -1   0.0
 0  1 -1   0.0
xyZ  0 0 0  1
Xyz  1 0 0  1
xYz  0 1 0  1
yzx  0 0 0  1
zxy  0 0 0  1
8
xyZ  0 0 0  1
Xyz  1 0 0  1
xYz  0 1 0  1
zxy  0 0 0  1
yzx  0 0 0  1
Xyz  0 0 0  1
xYz  0 0 0  1
xyZ  0 0 1  1
12
l  24  3  0 0 0  1   1 0 0  0 1 0  0 0 1
k  12  2  1 0 0  2   0 1 0  0 0 1
j  12  2  0 0 0  1   0 1 0  0 0 1
i   8  1  0 0 0  1   1 1 1
h   6  1  0 1 1  2   1 0 0
g   6  1  0 1 0  2   1 0 0
f   6  1  0 0 1  2   1 0 0
e   6  1  0 0 0  1   0 1 0
d   3  0  0 1 0  2
c   3  0  1 1 0  2
b   1  0  1 1 1  2
a   1  0  0 0 0  1
Pn3
4
 0  0  1   0.0
 0  1 -1   0.0
 1 -1  0   0.0
-1 -1  0  -1.0
XyZ  1 0 0  1
YZX  1 1 1  2
ZXY  1 1 1  2
zxY  1 -1 1 2
17
XyZ  1 0 0  1
YZX  1 1 1  2
ZXY  1 1 1  2
zxY  1 -1 1 2
yZx  1 1 -1 2
Yzx  1 1 -1 2
XYz  1 1 0  1
yzX  1 1 1  2
xYZ  0 1 0  1
yzx  0 0 0  1
zxy  0 0 0  1
YzX  1 0 1  1
ZXy  1 1 0  1
zXy  1 1 -1 2
Zxy  1 -1 -1 2
xYZ  0 0 0  1
XYz  1 0 0  1
8
h  24  3  0 0 0  1   1 0 0  0 1 0  0 0 1
g  12  1  0 1 0  2   1 0 0
f  12  1  0 0 0  1   0 1 0
e   8  1  0 0 0  1   1 1 1
d   6  0  0 1 0  2
c   4  0  1 3 1  4
b   4  0  1 1 1  4
a   2  0  0 0 0  1
Fm3
4
 0  0  1   0.0
 1 -1  0   0.0
-1  0 -1  -0.5
 0  1 -1   0.0
xyZ  0 0 0  1
XYz  1 1 0  2
YzX  1 0 1  2
ZXy  1 1 0  2
14
XYz  1 1 0  2
XyZ  1 0 1  2
xYZ  0 1 1  2
zxy  0 0 0  1
ZXy  1 1 0  2
ZxY  1 0 1  2
zXY  0 1 1  2
yzx  0 0 0  1
YZx  1 1 0  2
YzX  1 0 1  2
yZX  0 1 1  2
xyZ  0 0 0  1
xYz  0 0 0  1
Xyz  1 0 0  1
9
i  96  3  0 0 0  1   1 0 0  0 1 0  0 0 1
h  48  2  0 0 0  1   1 0 0  0 1 0
g  48  1  1 1 0  4   0 0 1
f  32  1  0 0 0  1   1 1 1
e  24  1  0 0 0  1   0 1 0
d  24  0  1 1 0  4
c   8  0  1 1 1  4
b   4  0  1 1 1  2
a   4  0  0 0 0  1
Fd3
4
 1 -1  0   0.0
-1 -1  0  -0.5
 0  1  1   0.0
 0  1 -1   0.0
ZXY  1 1 1  4
Zxy  1 -1 -1 4
yzX  1 1 1  4
YZX  1 1 1  4
14
ZXY  1 1 1  4
Zxy  1 -1 -1 4
yzX  1 1 1  4
YZX  1 1 1  4
xYZ  0 0 0  1
XYz  1 1 0  2
zxy  0 0 0  1
yzx  0 0 0  1
YzX  1 0 1  2
ZXy  1 1 0  2
YZx  1 0 -1 2
zXY  1 1 0  2
yZX  0 0 0  1
ZxY  0 0 0  1
7
g  96  3  0 0 0  1   1 0 0  0 1 0  0 0 1
f  48  1  0 0 0  1   1 0 0
e  32  1  0 0 0  1   1 1 1
d  16  0  5 5 5  8
c  16  0  1 1 1  8
b   8  0  1 1 1  2
a   8  0  0 0 0  1
Im3
4
 0  0  1   0.0
 0  1 -1   0.0
 1 -1  0   0.0
-1  0  0  -0.5
xyZ  0 0 0  1
YZX  1 1 1  2
ZXY  1 1 1  2
Xyz  1 0 0  1
11
zxy  0 0 0  1
yzx  0 0 0  1
XYZ  1 1 1  2
ZXY  1 1 1  2
YZX  1 1 1  2
Xyz  1 0 0  1
xYz  0 0 0  1
xyZ  0 0 0  1
Xyz  0 0 0  1
xYz  0 1 0  1
xyZ  0 0 1  1
8
h  48  3  0 0 0  1   1 0 0  0 1 0  0 0 1
g  24  2  0 0 0  1   0 1 0  0 0 1
f  16  1  0 0 0  1   1 1 1
e  12  1  1 0 0  2   0 1 0
d  12  1  0 0 0  1   0 1 0
c   8  0  1 1 1  4
b   6  0  0 1 1  2
a   2  0  0 0 0  1
Pa3
5
 0  0  1   0.0
 1  0 -1   0.0
 0  1 -1   0.0
-1  0  0  -0.5
 0 -1  0  -0.5
zxY  1 0 1  2
yzx  0 0 0  1
zxy  0 0 0  1
yZx  0 1 -1 2
zXy  0 1 -1 2
21
yzx  0 0 0  1
zxy  0 0 0  1
XYZ  0 0 0  1
XYZ  1 1 1  1
Xyz  1 -1 0 2
YZx  1 0 -1 2
zXy  0 1 -1 2
xYZ  -1 1 0 2
yzX  -1 0 1 2
xYZ  1 1 0  2
zXY  1 1 0  2
zxY  1 0 1  2
yZx  0 1 -1 2
xYz  0 1 -1 2
Yzx  1 1 0  2
Xyz  1 1 0  2
ZXy  1 2 -1 2
Zxy  1 1 0  2
YzX  2 1 1  2
Zxy  1 -1 0 2
YzX  0 1 1  2
4
d  24  3  0 0 0  1   1 0 0  0 1 0  0 0 1
c   8  1  0 0 0  1   1 1 1
b   4  0  0 1 0  2
a   4  0  0 0 0  1
P432
4
 0  0  1   0.0
 0  1 -1   0.0
 1 -1  0   0.0
-1 -1  0  -1.0
XyZ  1 0 0  1
Xzy  1 0 0  1
Yxz  1 0 0  1
yXz  0 1 0  1
12
XyZ  1 0 0  1
Xzy  1 0 0  1
Yxz  1 0 0  1
yXz  0 1 0  1
zxy  0 0 0  1
yzx  0 0 0  1
ZXy  1 1 0  1
YzX  1 0 1  1
xZy  0 0 0  1
xzY  0 0 0  1
yxZ  0 0 0  1
YXZ  1 1 0  1
11
k  24  3  0 0 0  1   1 0 0  0 1 0  0 0 1
j  12  1  1 0 0  2   0 1 1
i  12  1  0 0 0  1   0 1 1
h  12  1  0 1 0  2   1 0 0
g   8  1  0 0 0  1   1 1 1
f   6  1  0 1 1  2   1 0 0
e   6  1  0 0 0  1   1 0 0
d   3  0  1 0 0  2
c   3  0  0 1 1  2
b   1  0  1 1 1  2
a   1  0  0 0 0  1
F432
4
 0  0  1   0.0
 1 -1  0   0.0
 0  1 -1   0.0
-1  0 -1  -0.5
YXZ  1 1 0  2
XYz  1 1 0  2
ZXy  1 1 0  2
YzX  1 0 1  2
13
YXZ  1 1 0  2
XYz  1 1 0  2
ZXy  1 1 0  2
YzX  1 0 1  2
zxy  0 0 0  1
yzx  0 0 0  1
yxZ  0 0 0  1
ZxY  1 0 1  2
yZX  0 1 1  2
xZy  0 0 0  1
xzY  0 0 0  1
Zyx  1 0 -1 2
zyX  1 0 1  2
10
j  96  3  0 0 0  1   1 0 0  0 1 0  0 0 1
i  48  1  1 1 0  4   0 0 1
h  48  1  0 1 0  2   1 0 1
g  48  1  0 0 0  1   1 1 0
f  32  1  0 0 0  1   1 1 1
e  24  1  0 0 0  1   0 1 0
d  24  0  1 1 0  4
c   8  0  1 1 1  4
b   4  0  1 1 1  2
a   4  0  0 0 0  1
I432
5
 0  0  1   0.0
 0  1 -1   0.0
 1  0 -1   0.0
-1  0 -1  -0.5
 0 -1 -1  -0.5
yxZ  0 0 0  1
zxy  0 0 0  1
yzx  0 0 0  1
ZYX  1 1 1  2
XZY  1 1 1  2
17
yxZ  0 0 0  1
zxy  0 0 0  1
yzx  0 0 0  1
ZYX  1 1 1  2
XZY  1 1 1  2
zyX  0 0 0  1
Zyx  0 0 0  1
xZy  0 0 0  1
xzY  0 0 0  1
zXY  1 1 1  2
XyZ  1 0 0  1
Yxz  1 0 0  1
ZXy  1 1 -1 2
YzX  1 1 1  2
xYZ  0 1 0  1
yXz  0 1 0  1
YZx  1 1 -1 2
10
j  48  3  0 0 0  1   1 0 0  0 1 0  0 0 1
i  24  1  1 0 2  4   0 1 -1
h  24  1  0 0 0  1   1 1 0
g  24  1  0 1 0  2   1 0 0
f  16  1  0 0 0  1   1 1 1
e  12  1  0 0 0  1   0 1 0
d  12  0  1 2 0  4
c   8  0  1 1 1  4
b   6  0  1 1 0  2
a   2  0  0 0 0  1
P43m
4
 0  0  1   0.0
 0  1 -1   0.0
 1 -1  0   0.0
-1 -1  0  -1.0
XyZ  1 0 0  1
xzy  0 0 0  1
yxz  0 0 0  1
YXz  1 1 0  1
5
XyZ  1 0 0  1
xzy  0 0 0  1
yxz  0 0 0  1
YXz  1 1 0  1
xZY  0 0 0  1
10
j  24  3  0 0 0  1   1 0 0  0 1 0  0 0 1
i  12  2  0 0 0  1   1 1 0  0 0 1
h  12  1  0 1 0  2   1 0 0
g   6  1  1 1 0  2   0 0 1
f   6  1  0 0 0  1   0 1 0
e   4  1  0 0 0  1   1 1 1
d   3  0  0 1 0  2
c   3  0  1 1 0  2
b   1  0  1 1 1  2
a   1  0  0 0 0  1
F43m
4
 0  1 -1   0.0
 0  1  1   0.0
 1 -1  0   0.0
-1 -1  0  -0.5
xzy  0 0 0  1
xZY  0 0 0  1
yxz  0 0 0  1
YXz  1 1 0  2
4
xzy  0 0 0  1
xZY  0 0 0  1
yxz  0 0 0  1
YXz  1 1 0  2
9
i  96  3  0 0 0  1   1 0 0  0 1 0  0 0 1
h  48  2  0 0 0  1   1 1 0  0 0 1
g  24  1  1 0 1  4   0 1 0
f  24  1  0 0 0  1   0 1 0
e  16  1  0 0 0  1   1 1 1
d   4  0  3 3 3  4
c   4  0  1 1 1  4
b   4  0  1 1 1  2
a   4  0  0 0 0  1
I43m
4
 0  0  1   0.0
 0  1 -1   0.0
 1 -1  0   0.0
-1  0  0  -0.5
zYX  1 1 1  2
xzy  0 0 0  1
yxz  0 0 0  1
ZYx  1 1 -1 2
7
ZYx  1 1 -1 2
xzy  0 0 0  1
yxz  0 0 0  1
zYX  1 1 1  2
YXz  1 1 0  1
xZY  0 0 0  1
XyZ  1 0 0  1
8
h  48  3  0 0 0  1   1 0 0  0 1 0  0 0 1
g  24  2  0 0 0  1   1 1 0  0 0 1
f  24  1  0 1 0  2   1 0 0
e  12  1  0 0 0  1   0 1 0
d  12  0  1 2 0  4
c   8  1  0 0 0  1   1 1 1
b   6  0  0 1 1  2
a   2  0  0 0 0  1
Pm3m
4
 0  0  1   0.0
 0  1 -1   0.0
 1 -1  0   0.0
-1  0  0  -0.5
xyZ  0 0 0  1
xzy  0 0 0  1
yxz  0 0 0  1
Xyz  1 0 0  1
4
xyZ  0 0 0  1
xzy  0 0 0  1
yxz  0 0 0  1
Xyz  1 0 0  1
14
n  48  3  0 0 0  1   1 0 0  0 1 0  0 0 1
m  24  2  0 0 0  1   1 1 0  0 0 1
l  24  2  1 0 0  2   0 1 0  0 0 1
k  24  2  0 0 0  1   0 1 0  0 0 1
j  12  1  1 0 0  2   0 1 1
i  12  1  0 0 0  1   0 1 1
h  12  1  0 1 0  2   1 0 0
g   8  1  0 0 0  1   1 1 1
f   6  1  0 1 1  2   1 0 0
e   6  1  0 0 0  1   1 0 0
d   3  0  1 0 0  2
c   3  0  0 1 1  2
b   1  0  1 1 1  2
a   1  0  0 0 0  1
Pn3n
4
 0  0  1   0.0
 0  1 -1   0.0
 1 -1  0   0.0
-1  0  0  -0.5
zYX  1 1 1  2
YZX  1 1 1  2
ZXY  1 1 1  2
ZYx  1 1 -1 2
14
zYX  1 1 1  2
YZX  1 1 1  2
ZXY  1 1 1  2
ZYx  1 1 -1 2
Yxz  1 0 0  1
yXz  0 1 0  1
xZy  0 0 0  1
xzY  0 0 0  1
zxy  0 0 0  1
yzx  0 0 0  1
XYZ  1 1 1  2
XyZ  1 0 0  1
Xzy  1 0 0  1
yxZ  0 0 0  1
9
i  48  3  0 0 0  3   1 0 0  0 1 0  0 0 1
h  24  1  0 0 0  1   0 1 1
g  24  1  0 0 1  2   1 0 0
f  16  1  0 0 0  1   1 1 1
e  12  1  0 0 0  1   1 0 0
d  12  0  1 0 2  4
c   8  0  1 1 1  4
b   6  0  0 1 1  2
a   2  0  0 0 0  1
Pm3n
5
 0  0  1   0.0
 1  0 -1   0.0
-1  0 -1  -0.5
 0  1 -1   0.0
 0 -1 -1  -0.5
xyZ  0 0 0  1
yzx  0 0 0  1
ZYX  1 1 1  2
zxy  0 0 0  1
XZY  1 1 1  2
10
xyZ  0 0 0  1
yzx  0 0 0  1
ZYX  1 1 1  2
zxy  0 0 0  1
XZY  1 1 1  2
Xyz  0 0 0  1
xYz  0 0 0  1
Xyz  1 0 0  1
xYz  0 1 0  1
YXZ  1 1 1  2
12
l  48  3  0 0 0  1   1 0 0  0 1 0  0 0 1
k  24  2  0 0 0  1   0 1 0  0 0 1
j  24  1  1 0 2  4   0 1 1
i  16  1  0 0 0  1   1 1 1
h  12  1  0 1 0  2   1 0 0
g  12  1  0 0 1  2   1 0 0
f  12  1  0 0 0  1   1 0 0
e   8  0  1 1 1  4
d   6  0  1 2 0  4
c   6  0  1 0 2  4
b   6  0  0 1 1  2
a   2  0  0 0 0  1
Pn3m
5
 1 -1  0   0.0
 0  1 -1   0.0
-1  0 -1  -0.5
-1  0  1  -0.5
 0  1  1   0.0
yxz  0 0 0  1
xzy  0 0 0  1
ZYX  1 1 1  2
zYx  1 1 -1 2
xZY  0 0 0  1
7
yxz  0 0 0  1
xzy  0 0 0  1
ZYX  1 1 1  2
zYx  1 1 -1 2
xZY  0 0 0  1
XyZ  1 0 0  1
YXz  1 1 0  1
12
l  48  3  0 0 0  1   1 0 0  0 1 0  0 0 1
k  24  2  0 0 0  1   1 1 0  0 0 1
j  24  1  1 0 2  4   0 1 1
i  24  1  1 0 2  4   0 1 -1
h  24  1  0 0 1  2   1 0 0
g  12  1  0 0 0  1   1 0 0
f  12  0  1 0 2  4
e   8  1  0 0 0  1   1 1 1
d   6  0  0 1 1  2
c   4  0  3 3 3  4
b   4  0  1 1 1  4
a   2  0  0 0 0  1
Fm3m
4
 0  0  1   0.0
 0  1 -1   0.0
 1 -1  0   0.0
-1 -1  0  -0.5
xyZ  0 0 0  1
xzy  0 0 0  1
yxz  0 0 0  1
YXz  1 1 0  2
4
xyZ  0 0 0  1
xzy  0 0 0  1
yxz  0 0 0  1
YXz  1 1 0  2
12
l 192  3  0 0 0  1   1 0 0  0 1 0  0 0 1
k  96  2  0 0 0  1   1 1 0  0 0 1
j  96  2  0 0 0  1   0 1 0  0 0 1
i  48  1  1 0 0  2   0 1 1
h  48  1  0 0 0  1   0 1 1
g  48  1  0 1 1  4   1 0 0
f  32  1  0 0 0  1   1 1 1
e  24  1  0 0 0  1   1 0 0
d  24  0  0 1 1  4
c   8  0  1 1 1  4
b   4  0  1 1 1  2
a   4  0  0 0 0  1
Fm3c
4
 0  0  1   0.0
 1 -1  0   0.0
-1 -1  0  -0.5
 0  1 -1   0.0
xyZ  0 0 0  1
Yxz  1 0 0  2
yXz  0 1 0  2
Xzy  1 0 0  2
11
xyZ  0 0 0  1
Yxz  1 0 0  2
yXz  0 1 0  2
Xzy  1 0 0  2
zxy  0 0 0  1
yzx  0 0 0  1
ZXy  1 1 0  2
YzX  1 0 1  2
Xyz  0 0 0  1
xYz  0 0 0  1
Xyz  1 0 0  1
10
j 192  3  0 0 0  1   1 0 0  0 1 0  0 0 1
i  96  2  0 0 0  1   0 1 0  0 0 1
h  96  1  1 0 0  4   0 1 1
g  64  1  0 0 0  1   1 1 1
f  48  1  0 1 1  4   1 0 0
e  48  1  0 0 0  1   1 0 0
d  24  0  0 1 1  4
c  24  0  1 0 0  4
b   8  0  0 0 0  1
a   8  0  1 1 1  4
Fd3m
5
 0  1  1   0.0
 0  1 -1   0.0
 1 -1  0   0.0
-1 -1  0  -0.5
 0 -1  0  -0.125
xZY  0 0 0  1
xzy  0 0 0  1
yxz  0 0 0  1
YXz  1 1 0  2
ZYX  1 1 1  4
5
xZY  0 0 0  1
xzy  0 0 0  1
yxz  0 0 0  1
YXz  1 1 0  2
ZYX  1 1 1  4
9
i 192  3  0 0 0  1   1 0 0  0 1 0  0 0 1
h  96  1  1 0 2  8   0 1 -1
g  96  2  0 0 0  1   1 1 0  0 0 1
f  48  1  0 0 0  1   1 0 0
e  32  1  0 0 0  1   1 1 1
d  16  0  5 5 5  8
c  16  0  1 1 1  8
b   8  0  1 1 1  2
a   8  0  0 0 0  1
Fd3c
5
 1 -1  0   0.0
 0  1 -1   0.0
 0  1  1   0.0
 0 -1  0  -0.125
-1 -1  0  -0.5
YxZ  1 0 0  2
XzY  1 0 0  2
XZy  1 0 0  2
ZYX  1 1 1  4
yXZ  0 1 0  2
26
XZy  1 0 0  2
xYZ  0 0 0  1
XzY  1 0 0  2
yXZ  0 1 0  2
ZxY  0 0 0  1
zxy  0 0 0  1
YxZ  1 0 0  2
zXY  1 1 0  2
ZXy  1 1 0  2
yzx  0 0 0  1
ZyX  0 0 1  2
yZX  0 0 0  1
zyx  0 0 -1 2
YzX  1 0 1  2
zyx  1 0 0  2
YZx  1 0 -1 2
ZyX  1 0 0  2
ZYX  1 1 1  4
Yzx  1 1 -1 4
yZx  1 1 -1 4
zxY  1 -1 1 4
yXz  1 1 1  4
YXZ  1 1 1  4
zXy  1 1 -1 4
yxZ  1 -1 -1 4
Yxz  1 -1 -1 4
8
h  192  3  0 0 0  1   1 0 0  0 1 0  0 0 1
g   96  1  1 0 2  8   0 1 -1
f   96  1  0 0 0  1   1 0 0
e   64  1  0 0 0  1   1 1 1
d   48  0  1 0 0  4
c   32  0  3 3 3  8
b   32  0  1 1 1  8
a   16  0  0 0 0  1
Im3m
4
 0  0  1   0.0
 0  1 -1   0.0
 1 -1  0   0.0
-1  0 -1  -0.5
xyZ  0 0 0  1
xzy  0 0 0  1
yxz  0 0 0  1
ZYX  1 1 1  2
5
xyZ  0 0 0  1
xzy  0 0 0  1
yxz  0 0 0  1
ZYX  1 1 1  2
Xyz  1 0 0  1
12
l  96  3  0 0 0  1   1 0 0  0 1 0  0 0 1
k  48  2  0 0 0  1   1 1 0  0 0 1
j  48  2  0 0 0  1   0 1 0  0 0 1
i  48  1  1 0 2  4   0 1 -1
h  24  1  0 0 0  1   0 1 1
g  24  1  0 0 1  2   1 0 0
f  16  1  0 0 0  1   1 1 1
e  12  1  0 0 0  1   1 0 0
d  12  0  1 0 2  4
c   8  0  1 1 1  4
b   6  0  0 1 1  2
a   2  0  0 0 0  1
Ia3d
10
 0  0  1   0.0
 0  0 -1  -0.25
 1  0  0  -0.125
-1  0  0  -0.125
 0  1  0  -0.125
 0 -1  0  -0.125
-1  0  1   0.0
 1  0  1   0.0
 0 -1  1   0.0
 0  1  1   0.0
XYZ  0 0 0  1
xYZ  0 0 1  2
XzY  -1 -1 1  4
XZY  1 1 1  4
zYx  -1 -1 1  4
ZYX  1 1 1  4
yzx  0 0 0  1
YZX  0 0 0  1
zxy  0 0 0  1
ZXY  0 0 0  1
16
xYZ  0 0 1  2
XzY  -1 -1 1  4
XZY  1 1 1  4
zYx  -1 -1 1  4
ZYX  1 1 1  4
yzx  0 0 0  1
YZX  0 0 0  1
zxy  0 0 0  1
ZXY  0 0 0  1
XZy  -1 1 1  4
Xzy  1 -1 1  4
Zyx  1 -1 1  4
zyX  -1 1 1  4
yXZ  1 -1 1  4
yxZ  -1 1 1  4
YxZ  -1 -1 1  4
8
h  96  3  0 0 0  1   1 0 0  0 1 0  0 0 1
g  48  1  1 0 2  8   0 1 -1
f  48  1  0 0 1  4   1 0 0
e  32  1  0 0 0  1   1 1 1
d  24  0  3 0 2  8
c  24  0  1 0 2  8
b  16  0  1 1 1  8
a  16  0  0 0 0  1
HALT
