8.23028564453125
3
Fe
0.75
8
0.5 0.5 0.5
0.0 0.0 0.5
0.75 0.75 0.75
0.0 0.5 0.0
0.75 0.25 0.25
0.5 0.0 0.0
0.25 0.75 0.25
0.25 0.25 0.75
Al
0.675
16
0.125 0.125 0.125
0.125 0.875 0.875
0.375 0.375 0.125
0.875 0.125 0.875
0.625 0.375 0.875
0.375 0.875 0.625
0.375 0.125 0.375
0.875 0.875 0.125
0.375 0.625 0.875
0.625 0.125 0.625
0.625 0.875 0.375
0.875 0.375 0.625
0.125 0.375 0.375
0.625 0.625 0.125
0.125 0.625 0.625
0.875 0.625 0.375
O
1.26
32
0.8909959129478328 0.8909959129478328 0.8909959129478328
0.8909959129478328 0.10900408705216724 0.10900408705216724
0.6090040870521672 0.6090040870521672 0.8909959129478328
0.35900408705216724 0.35900408705216724 0.35900408705216724
0.10900408705216724 0.8909959129478328 0.10900408705216724
0.39099591294783276 0.6090040870521672 0.10900408705216724
0.14099591294783276 0.14099591294783276 0.35900408705216724
0.6090040870521672 0.10900408705216724 0.39099591294783276
0.6090040870521672 0.8909959129478328 0.6090040870521672
0.35900408705216724 0.6409959129478328 0.6409959129478328
0.10900408705216724 0.10900408705216724 0.8909959129478328
0.6090040870521672 0.39099591294783276 0.10900408705216724
0.14099591294783276 0.35900408705216724 0.14099591294783276
0.39099591294783276 0.8909959129478328 0.39099591294783276
0.39099591294783276 0.10900408705216724 0.6090040870521672
0.14099591294783276 0.6409959129478328 0.8590040870521672
0.10900408705216724 0.6090040870521672 0.39099591294783276
0.8590040870521672 0.14099591294783276 0.6409959129478328
0.8909959129478328 0.6090040870521672 0.6090040870521672
0.6409959129478328 0.35900408705216724 0.6409959129478328
0.39099591294783276 0.39099591294783276 0.8909959129478328
0.35900408705216724 0.14099591294783276 0.14099591294783276
0.14099591294783276 0.8590040870521672 0.6409959129478328
0.8909959129478328 0.39099591294783276 0.39099591294783276
0.8590040870521672 0.35900408705216724 0.8590040870521672
0.10900408705216724 0.39099591294783276 0.6090040870521672
0.6409959129478328 0.14099591294783276 0.8590040870521672
0.8590040870521672 0.6409959129478328 0.14099591294783276
0.6409959129478328 0.6409959129478328 0.35900408705216724
0.35900408705216724 0.8590040870521672 0.8590040870521672
0.8590040870521672 0.8590040870521672 0.35900408705216724
0.6409959129478328 0.8590040870521672 0.14099591294783276
